
Contrast: Achziv10_Achziv25 

                             average      sd   ratio     ava     avb cumsum     p    
Sargocentron.rubrum          0.07055 0.03997 1.76510 0.08000 0.40180  0.126 0.001 ***
Siganus.luridus              0.05895 0.04315 1.36640 0.31390 0.06520  0.232 0.001 ***
Siganus.rivulatus            0.05668 0.04352 1.30240 0.32370 0.14080  0.334 0.083 .  
Chromis.chromis              0.05609 0.04721 1.18820 0.42910 0.28990  0.434 1.000    
Coris.julis                  0.05443 0.03987 1.36510 0.18090 0.37570  0.532 1.000    
Mycteroperca.rubra           0.04020 0.03270 1.22950 0.19680 0.20900  0.604 0.888    
Thalassoma.pavo              0.03778 0.03382 1.11730 0.36890 0.32650  0.672 1.000    
Epinephelus.marginatus       0.03644 0.03139 1.16070 0.17030 0.15410  0.737 0.753    
Parupeneus.forsskali         0.03004 0.03218 0.93370 0.11010 0.10030  0.791 0.829    
Epinephelus.costae           0.02861 0.02982 0.95950 0.09260 0.10320  0.842 0.274    
Serranus.cabrilla            0.01897 0.02872 0.66050 0.01620 0.08500  0.876 1.000    
Sparisoma.cretense           0.01156 0.02410 0.47960 0.02700 0.03890  0.897 0.871    
Pterois.miles                0.01080 0.02310 0.46750 0.01990 0.03870  0.916 0.927    
Torquigener.flavimaculosus   0.01070 0.02304 0.46460 0.02080 0.03580  0.935 0.999    
Serranus.scriba              0.00782 0.01866 0.41920 0.03050 0.01180  0.949 0.402    
Saprisoma.cretense           0.00488 0.01679 0.29060 0.02170 0.00400  0.958 0.480    
Dasyatis.pastinaca           0.00388 0.01357 0.28600 0.00540 0.01480  0.965 0.004 ** 
Scarus.ghobban               0.00343 0.01323 0.25950 0.01020 0.00810  0.971 0.329    
Parablennius.rouxi           0.00242 0.01066 0.22650 0.00430 0.00810  0.976 0.521    
Gobius.sp                    0.00201 0.00885 0.22680 0.00350 0.00680  0.979 0.112    
Symphodus.sp                 0.00184 0.01011 0.18220 0.00000 0.00910  0.983 0.113    
Gobius.bucchichi             0.00148 0.00805 0.18440 0.00340 0.00410  0.985 0.122    
Dasyatis.sp                  0.00135 0.00736 0.18360 0.00310 0.00390  0.988 0.193    
Taeniurops.grabatus          0.00127 0.00689 0.18410 0.00340 0.00320  0.990 0.258    
Salpa.salpa                  0.00122 0.00938 0.12990 0.00000 0.00610  0.992 0.345    
Fistularia.commersonii       0.00109 0.00836 0.12990 0.00000 0.00550  0.994 0.338    
Rhabdosargus.haffara         0.00079 0.00600 0.13100 0.00360 0.00000  0.995 0.319    
Cheilodipterus.novemstriatus 0.00071 0.00547 0.12990 0.00000 0.00400  0.997 0.343    
Symphodus.tinca              0.00065 0.00500 0.13100 0.00330 0.00000  0.998 0.913    
Echeneis.sp                  0.00063 0.00481 0.12990 0.00000 0.00330  0.999 0.342    
Pagrus.caeruleostictus       0.00060 0.00459 0.13110 0.00320 0.00000  1.000 0.743    
Acantholabrus.palloni        0.00000 0.00000     NaN 0.00000 0.00000  1.000 0.341    
Argyrosomus.regius           0.00000 0.00000     NaN 0.00000 0.00000  1.000 0.339    
Atherinomorus.forskalii      0.00000 0.00000     NaN 0.00000 0.00000  1.000 0.345    
Balistes.capriscus           0.00000 0.00000     NaN 0.00000 0.00000  1.000 0.707    
Diplodos.cervinus            0.00000 0.00000     NaN 0.00000 0.00000  1.000 0.345    
Diplodus.cervinus            0.00000 0.00000     NaN 0.00000 0.00000  1.000 0.993    
Diplodus.puntazzo            0.00000 0.00000     NaN 0.00000 0.00000  1.000 0.578    
Diplodus.sargus              0.00000 0.00000     NaN 0.00000 0.00000  1.000 1.000    
Diplodus.vulgaris            0.00000 0.00000     NaN 0.00000 0.00000  1.000 0.985    
Gobius.vittatus              0.00000 0.00000     NaN 0.00000 0.00000  1.000 0.565    
Himantura.uarnak             0.00000 0.00000     NaN 0.00000 0.00000  1.000 0.339    
Muraena.helena               0.00000 0.00000     NaN 0.00000 0.00000  1.000 0.908    
Pagrus.auriga                0.00000 0.00000     NaN 0.00000 0.00000  1.000 0.310    
Pteragogus.pelycus           0.00000 0.00000     NaN 0.00000 0.00000  1.000 0.361    
Sardin.sp                    0.00000 0.00000     NaN 0.00000 0.00000  1.000 0.954    
Sciaena.umbra                0.00000 0.00000     NaN 0.00000 0.00000  1.000 0.999    
Scomber.sp                   0.00000 0.00000     NaN 0.00000 0.00000  1.000 0.348    
Scomberomorus.commerson      0.00000 0.00000     NaN 0.00000 0.00000  1.000 0.542    
Seriola.dumerili             0.00000 0.00000     NaN 0.00000 0.00000  1.000 0.580    
Symphodus.mediterraneus      0.00000 0.00000     NaN 0.00000 0.00000  1.000 0.952    
Synodus.saurus               0.00000 0.00000     NaN 0.00000 0.00000  1.000 0.351    
---
Signif. codes:  0 ‘***’ 0.001 ‘**’ 0.01 ‘*’ 0.05 ‘.’ 0.1 ‘ ’ 1

Contrast: Achziv10_Achziv45 

                             average      sd   ratio     ava     avb cumsum     p    
Thalassoma.pavo              0.07336 0.04266 1.71980 0.36890 0.07380  0.102 0.003 ** 
Siganus.rivulatus            0.07218 0.04923 1.46630 0.32370 0.00000  0.203 0.001 ***
Siganus.luridus              0.06994 0.04921 1.42120 0.31390 0.00000  0.300 0.001 ***
Chromis.chromis              0.06906 0.05550 1.24440 0.42910 0.41360  0.396 0.757    
Coris.julis                  0.06593 0.05789 1.13900 0.18090 0.30700  0.488 0.712    
Serranus.cabrilla            0.05003 0.05709 0.87630 0.01620 0.20980  0.558 0.469    
Mycteroperca.rubra           0.04962 0.04012 1.23690 0.19680 0.17230  0.627 0.020 *  
Epinephelus.marginatus       0.04386 0.04101 1.06950 0.17030 0.11710  0.688 0.019 *  
Epinephelus.costae           0.03409 0.03674 0.92790 0.09260 0.11350  0.736 0.009 ** 
Parupeneus.forsskali         0.03214 0.03901 0.82380 0.11010 0.07030  0.780 0.687    
Sciaena.umbra                0.02614 0.05187 0.50390 0.00000 0.12110  0.817 0.001 ***
Pterois.miles                0.02260 0.03258 0.69380 0.01990 0.09720  0.848 0.008 ** 
Sparisoma.cretense           0.02229 0.04670 0.47730 0.02700 0.08090  0.879 0.065 .  
Diplodus.sargus              0.01918 0.03915 0.48990 0.00000 0.08900  0.906 0.009 ** 
Sargocentron.rubrum          0.01846 0.02833 0.65180 0.08000 0.00540  0.932 1.000    
Serranus.scriba              0.00912 0.02180 0.41830 0.03050 0.01380  0.945 0.197    
Scarus.ghobban               0.00626 0.02095 0.29860 0.01020 0.02020  0.953 0.012 *  
Torquigener.flavimaculosus   0.00559 0.01882 0.29700 0.02080 0.00460  0.961 1.000    
Saprisoma.cretense           0.00464 0.01775 0.26130 0.02170 0.00000  0.968 0.512    
Diplodus.vulgaris            0.00367 0.01744 0.21040 0.00000 0.01680  0.973 0.669    
Parablennius.rouxi           0.00252 0.01406 0.17940 0.00430 0.00740  0.976 0.499    
Taeniurops.grabatus          0.00175 0.00963 0.18190 0.00340 0.00460  0.979 0.127    
Diplodus.puntazzo            0.00169 0.01316 0.12870 0.00000 0.00780  0.981 0.345    
Pagrus.caeruleostictus       0.00151 0.00826 0.18220 0.00320 0.00470  0.983 0.286    
Diplodus.cervinus            0.00139 0.01077 0.12870 0.00000 0.00630  0.985 0.961    
Dasyatis.sp                  0.00129 0.00702 0.18360 0.00310 0.00330  0.987 0.243    
Dasyatis.pastinaca           0.00117 0.00897 0.13080 0.00540 0.00000  0.989 0.565    
Argyrosomus.regius           0.00114 0.00886 0.12880 0.00000 0.00580  0.990 0.349    
Symphodus.mediterraneus      0.00110 0.00858 0.12870 0.00000 0.00500  0.992 0.886    
Rhabdosargus.haffara         0.00088 0.00674 0.13060 0.00360 0.00000  0.993 0.001 ***
Seriola.dumerili             0.00085 0.00658 0.12870 0.00000 0.00390  0.994 0.562    
Gobius.vittatus              0.00085 0.00658 0.12880 0.00000 0.00420  0.995 0.568    
Gobius.bucchichi             0.00080 0.00610 0.13070 0.00340 0.00000  0.996 0.317    
Gobius.sp                    0.00077 0.00592 0.13070 0.00350 0.00000  0.997 0.540    
Symphodus.tinca              0.00073 0.00556 0.13070 0.00330 0.00000  0.998 0.884    
Cheilodipterus.novemstriatus 0.00061 0.00472 0.12880 0.00000 0.00330  0.999 0.559    
Pagrus.auriga                0.00056 0.00434 0.12880 0.00000 0.00310  1.000 0.364    
Acantholabrus.palloni        0.00000 0.00000     NaN 0.00000 0.00000  1.000 0.347    
Atherinomorus.forskalii      0.00000 0.00000     NaN 0.00000 0.00000  1.000 0.346    
Balistes.capriscus           0.00000 0.00000     NaN 0.00000 0.00000  1.000 0.727    
Diplodos.cervinus            0.00000 0.00000     NaN 0.00000 0.00000  1.000 0.336    
Echeneis.sp                  0.00000 0.00000     NaN 0.00000 0.00000  1.000 0.344    
Fistularia.commersonii       0.00000 0.00000     NaN 0.00000 0.00000  1.000 0.576    
Himantura.uarnak             0.00000 0.00000     NaN 0.00000 0.00000  1.000 0.304    
Muraena.helena               0.00000 0.00000     NaN 0.00000 0.00000  1.000 0.924    
Pteragogus.pelycus           0.00000 0.00000     NaN 0.00000 0.00000  1.000 0.346    
Salpa.salpa                  0.00000 0.00000     NaN 0.00000 0.00000  1.000 0.346    
Sardin.sp                    0.00000 0.00000     NaN 0.00000 0.00000  1.000 0.948    
Scomber.sp                   0.00000 0.00000     NaN 0.00000 0.00000  1.000 0.305    
Scomberomorus.commerson      0.00000 0.00000     NaN 0.00000 0.00000  1.000 0.548    
Symphodus.sp                 0.00000 0.00000     NaN 0.00000 0.00000  1.000 0.526    
Synodus.saurus               0.00000 0.00000     NaN 0.00000 0.00000  1.000 0.330    
---
Signif. codes:  0 ‘***’ 0.001 ‘**’ 0.01 ‘*’ 0.05 ‘.’ 0.1 ‘ ’ 1

Contrast: Achziv10_SdotYam10 

                             average      sd   ratio     ava     avb cumsum     p    
Siganus.rivulatus            0.06314 0.05054 1.24920 0.32370 0.21300  0.121 0.002 ** 
Siganus.luridus              0.06261 0.04754 1.31710 0.31390 0.10150  0.242 0.001 ***
Coris.julis                  0.04901 0.04892 1.00190 0.18090 0.10580  0.336 1.000    
Chromis.chromis              0.04872 0.04867 1.00090 0.42910 0.49780  0.430 1.000    
Thalassoma.pavo              0.04866 0.04754 1.02370 0.36890 0.51170  0.523 1.000    
Epinephelus.marginatus       0.04250 0.03746 1.13450 0.17030 0.16170  0.605 0.052 .  
Mycteroperca.rubra           0.04177 0.03555 1.17510 0.19680 0.08770  0.685 0.762    
Parupeneus.forsskali         0.03294 0.03629 0.90760 0.11010 0.09770  0.748 0.578    
Epinephelus.costae           0.02180 0.02719 0.80150 0.09260 0.02120  0.790 0.937    
Sargocentron.rubrum          0.02014 0.02854 0.70590 0.08000 0.02510  0.829 0.999    
Diplodus.sargus              0.01289 0.02776 0.46430 0.00000 0.06100  0.854 0.341    
Diplodus.cervinus            0.01222 0.02951 0.41390 0.00000 0.05410  0.877 0.002 ** 
Serranus.scriba              0.00776 0.01976 0.39260 0.03050 0.00720  0.892 0.395    
Serranus.cabrilla            0.00720 0.02087 0.34500 0.01620 0.01710  0.906 1.000    
Diplodus.vulgaris            0.00681 0.02648 0.25710 0.00000 0.03000  0.919 0.211    
Sparisoma.cretense           0.00568 0.01746 0.32550 0.02700 0.00000  0.930 0.997    
Pterois.miles                0.00531 0.01540 0.34490 0.01990 0.00680  0.940 1.000    
Torquigener.flavimaculosus   0.00468 0.01748 0.26800 0.02080 0.00000  0.949 1.000    
Saprisoma.cretense           0.00457 0.01752 0.26120 0.02170 0.00000  0.958 0.496    
Diplodos.cervinus            0.00367 0.02992 0.12250 0.00000 0.01370  0.965 0.340    
Scarus.ghobban               0.00225 0.01213 0.18550 0.01020 0.00000  0.969 0.590    
Parablennius.rouxi           0.00210 0.01179 0.17780 0.00430 0.00460  0.973 0.599    
Pagrus.caeruleostictus       0.00167 0.00968 0.17270 0.00320 0.00520  0.977 0.197    
Symphodus.tinca              0.00149 0.00838 0.17830 0.00330 0.00370  0.980 0.687    
Gobius.sp                    0.00148 0.00827 0.17930 0.00350 0.00370  0.982 0.245    
Diplodus.puntazzo            0.00127 0.01032 0.12270 0.00000 0.00550  0.985 0.573    
Dasyatis.pastinaca           0.00116 0.00885 0.13070 0.00540 0.00000  0.987 0.629    
Rhabdosargus.haffara         0.00087 0.00664 0.13050 0.00360 0.00000  0.989 0.011 *  
Gobius.bucchichi             0.00078 0.00601 0.13060 0.00340 0.00000  0.990 0.253    
Balistes.capriscus           0.00078 0.00633 0.12270 0.00000 0.00370  0.992 0.727    
Taeniurops.grabatus          0.00076 0.00582 0.13060 0.00340 0.00000  0.993 0.445    
Gobius.vittatus              0.00074 0.00602 0.12280 0.00000 0.00370  0.995 0.548    
Pteragogus.pelycus           0.00074 0.00602 0.12280 0.00000 0.00370  0.996 0.312    
Fistularia.commersonii       0.00073 0.00593 0.12280 0.00000 0.00350  0.997 0.607    
Himantura.uarnak             0.00070 0.00570 0.12270 0.00000 0.00330  0.999 0.352    
Dasyatis.sp                  0.00067 0.00512 0.13070 0.00310 0.00000  1.000 0.507    
Acantholabrus.palloni        0.00000 0.00000     NaN 0.00000 0.00000  1.000 0.354    
Argyrosomus.regius           0.00000 0.00000     NaN 0.00000 0.00000  1.000 0.348    
Atherinomorus.forskalii      0.00000 0.00000     NaN 0.00000 0.00000  1.000 0.324    
Cheilodipterus.novemstriatus 0.00000 0.00000     NaN 0.00000 0.00000  1.000 0.550    
Echeneis.sp                  0.00000 0.00000     NaN 0.00000 0.00000  1.000 0.332    
Muraena.helena               0.00000 0.00000     NaN 0.00000 0.00000  1.000 0.931    
Pagrus.auriga                0.00000 0.00000     NaN 0.00000 0.00000  1.000 0.354    
Salpa.salpa                  0.00000 0.00000     NaN 0.00000 0.00000  1.000 0.327    
Sardin.sp                    0.00000 0.00000     NaN 0.00000 0.00000  1.000 0.948    
Sciaena.umbra                0.00000 0.00000     NaN 0.00000 0.00000  1.000 0.997    
Scomber.sp                   0.00000 0.00000     NaN 0.00000 0.00000  1.000 0.362    
Scomberomorus.commerson      0.00000 0.00000     NaN 0.00000 0.00000  1.000 0.573    
Seriola.dumerili             0.00000 0.00000     NaN 0.00000 0.00000  1.000 0.560    
Symphodus.mediterraneus      0.00000 0.00000     NaN 0.00000 0.00000  1.000 0.956    
Symphodus.sp                 0.00000 0.00000     NaN 0.00000 0.00000  1.000 0.566    
Synodus.saurus               0.00000 0.00000     NaN 0.00000 0.00000  1.000 0.364    
---
Signif. codes:  0 ‘***’ 0.001 ‘**’ 0.01 ‘*’ 0.05 ‘.’ 0.1 ‘ ’ 1

Contrast: Achziv10_SdotYam25 

                             average      sd   ratio     ava     avb cumsum     p    
Siganus.luridus              0.06791 0.04778 1.42150 0.31390 0.00550  0.104 0.001 ***
Coris.julis                  0.06745 0.05161 1.30690 0.18090 0.39450  0.206 0.541    
Siganus.rivulatus            0.06622 0.04942 1.34000 0.32370 0.15860  0.307 0.001 ***
Chromis.chromis              0.06563 0.05390 1.21770 0.42910 0.38700  0.408 0.936    
Thalassoma.pavo              0.06162 0.04155 1.48300 0.36890 0.17180  0.501 0.737    
Mycteroperca.rubra           0.04783 0.03984 1.20040 0.19680 0.12030  0.574 0.064 .  
Serranus.cabrilla            0.04246 0.04271 0.99420 0.01620 0.19240  0.639 0.907    
Torquigener.flavimaculosus   0.04120 0.04653 0.88540 0.02080 0.18470  0.702 0.001 ***
Epinephelus.marginatus       0.03910 0.03795 1.03050 0.17030 0.05330  0.762 0.393    
Parupeneus.forsskali         0.03424 0.03710 0.92290 0.11010 0.10670  0.814 0.458    
Epinephelus.costae           0.02916 0.03355 0.86920 0.09260 0.07840  0.858 0.247    
Sargocentron.rubrum          0.02046 0.03032 0.67480 0.08000 0.02450  0.889 1.000    
Serranus.scriba              0.01286 0.02819 0.45610 0.03050 0.03350  0.909 0.007 ** 
Sparisoma.cretense           0.01283 0.03468 0.36990 0.02700 0.03420  0.929 0.779    
Saprisoma.cretense           0.00749 0.02400 0.31220 0.02170 0.01450  0.940 0.100 .  
Pterois.miles                0.00559 0.01606 0.34800 0.01990 0.00870  0.949 1.000    
Muraena.helena               0.00417 0.01696 0.24590 0.00000 0.01850  0.955 0.203    
Symphodus.mediterraneus      0.00408 0.01638 0.24930 0.00000 0.01960  0.961 0.194    
Balistes.capriscus           0.00371 0.02146 0.17290 0.00000 0.01480  0.967 0.129    
Sardin.sp                    0.00337 0.01893 0.17820 0.00000 0.01600  0.972 0.767    
Parablennius.rouxi           0.00281 0.01272 0.22130 0.00430 0.00880  0.976 0.453    
Symphodus.tinca              0.00232 0.01067 0.21750 0.00330 0.00780  0.980 0.424    
Scarus.ghobban               0.00223 0.01201 0.18580 0.01020 0.00000  0.983 0.604    
Scomberomorus.commerson      0.00171 0.00959 0.17830 0.00000 0.00870  0.986 0.106    
Atherinomorus.forskalii      0.00153 0.01214 0.12570 0.00000 0.00760  0.988 0.323    
Diplodus.vulgaris            0.00122 0.00970 0.12570 0.00000 0.00610  0.990 0.952    
Dasyatis.pastinaca           0.00115 0.00877 0.13090 0.00540 0.00000  0.992 0.616    
Seriola.dumerili             0.00093 0.00741 0.12570 0.00000 0.00480  0.993 0.423    
Rhabdosargus.haffara         0.00086 0.00656 0.13080 0.00360 0.00000  0.995 0.032 *  
Gobius.bucchichi             0.00078 0.00594 0.13080 0.00340 0.00000  0.996 0.378    
Gobius.sp                    0.00076 0.00578 0.13090 0.00350 0.00000  0.997 0.514    
Taeniurops.grabatus          0.00075 0.00575 0.13090 0.00340 0.00000  0.998 0.436    
Dasyatis.sp                  0.00066 0.00507 0.13090 0.00310 0.00000  0.999 0.528    
Pagrus.caeruleostictus       0.00065 0.00496 0.13090 0.00320 0.00000  1.000 0.557    
Acantholabrus.palloni        0.00000 0.00000     NaN 0.00000 0.00000  1.000 0.376    
Argyrosomus.regius           0.00000 0.00000     NaN 0.00000 0.00000  1.000 0.327    
Cheilodipterus.novemstriatus 0.00000 0.00000     NaN 0.00000 0.00000  1.000 0.552    
Diplodos.cervinus            0.00000 0.00000     NaN 0.00000 0.00000  1.000 0.339    
Diplodus.cervinus            0.00000 0.00000     NaN 0.00000 0.00000  1.000 0.995    
Diplodus.puntazzo            0.00000 0.00000     NaN 0.00000 0.00000  1.000 0.569    
Diplodus.sargus              0.00000 0.00000     NaN 0.00000 0.00000  1.000 1.000    
Echeneis.sp                  0.00000 0.00000     NaN 0.00000 0.00000  1.000 0.334    
Fistularia.commersonii       0.00000 0.00000     NaN 0.00000 0.00000  1.000 0.576    
Gobius.vittatus              0.00000 0.00000     NaN 0.00000 0.00000  1.000 0.552    
Himantura.uarnak             0.00000 0.00000     NaN 0.00000 0.00000  1.000 0.332    
Pagrus.auriga                0.00000 0.00000     NaN 0.00000 0.00000  1.000 0.341    
Pteragogus.pelycus           0.00000 0.00000     NaN 0.00000 0.00000  1.000 0.318    
Salpa.salpa                  0.00000 0.00000     NaN 0.00000 0.00000  1.000 0.342    
Sciaena.umbra                0.00000 0.00000     NaN 0.00000 0.00000  1.000 0.997    
Scomber.sp                   0.00000 0.00000     NaN 0.00000 0.00000  1.000 0.339    
Symphodus.sp                 0.00000 0.00000     NaN 0.00000 0.00000  1.000 0.578    
Synodus.saurus               0.00000 0.00000     NaN 0.00000 0.00000  1.000 0.374    
---
Signif. codes:  0 ‘***’ 0.001 ‘**’ 0.01 ‘*’ 0.05 ‘.’ 0.1 ‘ ’ 1

Contrast: Achziv10_SdotYam45 

                             average      sd   ratio     ava     avb cumsum     p    
Thalassoma.pavo              0.08596 0.04065 2.11470 0.36890 0.01330  0.119 0.001 ***
Serranus.cabrilla            0.08440 0.07980 1.05770 0.01620 0.34430  0.236 0.001 ***
Siganus.luridus              0.07302 0.05142 1.42020 0.31390 0.00000  0.337 0.001 ***
Chromis.chromis              0.07244 0.05910 1.22580 0.42910 0.53480  0.437 0.413    
Siganus.rivulatus            0.06974 0.05313 1.31270 0.32370 0.12770  0.533 0.001 ***
Coris.julis                  0.06252 0.05420 1.15340 0.18090 0.28430  0.620 0.926    
Mycteroperca.rubra           0.04699 0.04048 1.16100 0.19680 0.03520  0.685 0.162    
Epinephelus.marginatus       0.04294 0.04360 0.98480 0.17030 0.03090  0.745 0.067 .  
Parupeneus.forsskali         0.03489 0.04180 0.83470 0.11010 0.07710  0.793 0.394    
Epinephelus.costae           0.02324 0.02985 0.77860 0.09260 0.01500  0.825 0.831    
Sargocentron.rubrum          0.01856 0.02909 0.63820 0.08000 0.00000  0.851 1.000    
Torquigener.flavimaculosus   0.01782 0.03483 0.51150 0.02080 0.06180  0.875 0.837    
Pterois.miles                0.01680 0.03413 0.49210 0.01990 0.06100  0.898 0.315    
Sparisoma.cretense           0.01581 0.03294 0.48000 0.02700 0.05030  0.920 0.524    
Sardin.sp                    0.01461 0.04254 0.34330 0.00000 0.06460  0.941 0.003 ** 
Saprisoma.cretense           0.01052 0.02924 0.35990 0.02170 0.02670  0.955 0.015 *  
Serranus.scriba              0.00696 0.01978 0.35170 0.03050 0.00000  0.965 0.547    
Muraena.helena               0.00430 0.02197 0.19580 0.00000 0.01730  0.971 0.216    
Symphodus.tinca              0.00365 0.01571 0.23220 0.00330 0.01170  0.976 0.148    
Symphodus.mediterraneus      0.00300 0.01436 0.20920 0.00000 0.01390  0.980 0.411    
Scarus.ghobban               0.00238 0.01284 0.18560 0.01020 0.00000  0.983 0.543    
Acantholabrus.palloni        0.00145 0.00987 0.14690 0.00000 0.00630  0.985 0.145    
Scomber.sp                   0.00138 0.00937 0.14690 0.00000 0.00580  0.987 0.130    
Dasyatis.pastinaca           0.00122 0.00935 0.13080 0.00540 0.00000  0.989 0.518    
Diplodus.vulgaris            0.00113 0.00768 0.14700 0.00000 0.00540  0.990 0.948    
Synodus.saurus               0.00113 0.00768 0.14700 0.00000 0.00540  0.992 0.132    
Parablennius.rouxi           0.00105 0.00804 0.13070 0.00430 0.00000  0.993 0.833    
Rhabdosargus.haffara         0.00092 0.00707 0.13060 0.00360 0.00000  0.995 0.115    
Gobius.bucchichi             0.00083 0.00638 0.13070 0.00340 0.00000  0.996 0.393    
Gobius.sp                    0.00081 0.00618 0.13070 0.00350 0.00000  0.997 0.574    
Taeniurops.grabatus          0.00081 0.00616 0.13070 0.00340 0.00000  0.998 0.455    
Dasyatis.sp                  0.00071 0.00541 0.13080 0.00310 0.00000  0.999 0.497    
Pagrus.caeruleostictus       0.00069 0.00528 0.13080 0.00320 0.00000  1.000 0.567    
Argyrosomus.regius           0.00000 0.00000     NaN 0.00000 0.00000  1.000 0.284    
Atherinomorus.forskalii      0.00000 0.00000     NaN 0.00000 0.00000  1.000 0.302    
Balistes.capriscus           0.00000 0.00000     NaN 0.00000 0.00000  1.000 0.656    
Cheilodipterus.novemstriatus 0.00000 0.00000     NaN 0.00000 0.00000  1.000 0.515    
Diplodos.cervinus            0.00000 0.00000     NaN 0.00000 0.00000  1.000 0.287    
Diplodus.cervinus            0.00000 0.00000     NaN 0.00000 0.00000  1.000 0.988    
Diplodus.puntazzo            0.00000 0.00000     NaN 0.00000 0.00000  1.000 0.498    
Diplodus.sargus              0.00000 0.00000     NaN 0.00000 0.00000  1.000 1.000    
Echeneis.sp                  0.00000 0.00000     NaN 0.00000 0.00000  1.000 0.271    
Fistularia.commersonii       0.00000 0.00000     NaN 0.00000 0.00000  1.000 0.499    
Gobius.vittatus              0.00000 0.00000     NaN 0.00000 0.00000  1.000 0.502    
Himantura.uarnak             0.00000 0.00000     NaN 0.00000 0.00000  1.000 0.272    
Pagrus.auriga                0.00000 0.00000     NaN 0.00000 0.00000  1.000 0.288    
Pteragogus.pelycus           0.00000 0.00000     NaN 0.00000 0.00000  1.000 0.293    
Salpa.salpa                  0.00000 0.00000     NaN 0.00000 0.00000  1.000 0.289    
Sciaena.umbra                0.00000 0.00000     NaN 0.00000 0.00000  1.000 0.995    
Scomberomorus.commerson      0.00000 0.00000     NaN 0.00000 0.00000  1.000 0.542    
Seriola.dumerili             0.00000 0.00000     NaN 0.00000 0.00000  1.000 0.508    
Symphodus.sp                 0.00000 0.00000     NaN 0.00000 0.00000  1.000 0.509    
---
Signif. codes:  0 ‘***’ 0.001 ‘**’ 0.01 ‘*’ 0.05 ‘.’ 0.1 ‘ ’ 1

Contrast: Achziv25_Achziv45 

                             average      sd   ratio     ava     avb cumsum     p    
Sargocentron.rubrum          0.09160 0.04266 2.14730 0.40180 0.00540  0.131 0.001 ***
Chromis.chromis              0.07477 0.05859 1.27610 0.28990 0.41360  0.238 0.200    
Thalassoma.pavo              0.06730 0.04604 1.46190 0.32650 0.07380  0.335 0.138    
Coris.julis                  0.06429 0.04801 1.33910 0.37570 0.30700  0.427 0.846    
Mycteroperca.rubra           0.05107 0.04250 1.20160 0.20900 0.17230  0.500 0.005 ** 
Serranus.cabrilla            0.05103 0.05145 0.99190 0.08500 0.20980  0.573 0.371    
Epinephelus.marginatus       0.04141 0.03872 1.06950 0.15410 0.11710  0.632 0.128    
Epinephelus.costae           0.03603 0.04167 0.86460 0.10320 0.11350  0.684 0.002 ** 
Siganus.rivulatus            0.03082 0.04436 0.69490 0.14080 0.00000  0.728 1.000    
Parupeneus.forsskali         0.03056 0.04137 0.73880 0.10030 0.07030  0.772 0.794    
Sciaena.umbra                0.02605 0.05165 0.50430 0.00000 0.12110  0.809 0.001 ***
Pterois.miles                0.02503 0.03440 0.72770 0.03870 0.09720  0.845 0.001 ***
Sparisoma.cretense           0.02398 0.04760 0.50370 0.03890 0.08090  0.879 0.029 *  
Diplodus.sargus              0.01912 0.03899 0.49030 0.00000 0.08900  0.906 0.008 ** 
Siganus.luridus              0.01402 0.03051 0.45960 0.06520 0.00000  0.927 1.000    
Torquigener.flavimaculosus   0.00892 0.02245 0.39710 0.03580 0.00460  0.939 1.000    
Scarus.ghobban               0.00562 0.01929 0.29120 0.00810 0.02020  0.947 0.026 *  
Serranus.scriba              0.00530 0.01671 0.31750 0.01180 0.01380  0.955 0.807    
Diplodus.vulgaris            0.00366 0.01737 0.21060 0.00000 0.01680  0.960 0.654    
Parablennius.rouxi           0.00322 0.01487 0.21640 0.00810 0.00740  0.965 0.313    
Dasyatis.pastinaca           0.00322 0.01261 0.25500 0.01480 0.00000  0.969 0.030 *  
Symphodus.sp                 0.00204 0.01122 0.18180 0.00910 0.00000  0.972 0.001 ***
Diplodus.puntazzo            0.00169 0.01311 0.12880 0.00000 0.00780  0.975 0.328    
Taeniurops.grabatus          0.00163 0.00913 0.17890 0.00320 0.00460  0.977 0.194    
Gobius.sp                    0.00149 0.00808 0.18490 0.00680 0.00000  0.979 0.266    
Dasyatis.sp                  0.00144 0.00795 0.18120 0.00390 0.00330  0.981 0.134    
Diplodus.cervinus            0.00138 0.01073 0.12880 0.00000 0.00630  0.983 0.962    
Cheilodipterus.novemstriatus 0.00136 0.00750 0.18180 0.00400 0.00330  0.985 0.095 .  
Salpa.salpa                  0.00135 0.01038 0.12960 0.00610 0.00000  0.987 0.001 ***
Fistularia.commersonii       0.00120 0.00924 0.12960 0.00550 0.00000  0.989 0.124    
Argyrosomus.regius           0.00114 0.00883 0.12880 0.00000 0.00580  0.991 0.341    
Symphodus.mediterraneus      0.00110 0.00855 0.12880 0.00000 0.00500  0.992 0.901    
Gobius.bucchichi             0.00087 0.00673 0.12970 0.00410 0.00000  0.993 0.104    
Pagrus.caeruleostictus       0.00086 0.00665 0.12890 0.00000 0.00470  0.995 0.553    
Saprisoma.cretense           0.00085 0.00658 0.12970 0.00400 0.00000  0.996 0.965    
Gobius.vittatus              0.00084 0.00656 0.12880 0.00000 0.00420  0.997 0.556    
Seriola.dumerili             0.00084 0.00656 0.12880 0.00000 0.00390  0.998 0.562    
Echeneis.sp                  0.00069 0.00529 0.12970 0.00330 0.00000  0.999 0.002 ** 
Pagrus.auriga                0.00056 0.00433 0.12890 0.00000 0.00310  1.000 0.333    
Acantholabrus.palloni        0.00000 0.00000     NaN 0.00000 0.00000  1.000 0.317    
Atherinomorus.forskalii      0.00000 0.00000     NaN 0.00000 0.00000  1.000 0.329    
Balistes.capriscus           0.00000 0.00000     NaN 0.00000 0.00000  1.000 0.697    
Diplodos.cervinus            0.00000 0.00000     NaN 0.00000 0.00000  1.000 0.341    
Himantura.uarnak             0.00000 0.00000     NaN 0.00000 0.00000  1.000 0.342    
Muraena.helena               0.00000 0.00000     NaN 0.00000 0.00000  1.000 0.928    
Pteragogus.pelycus           0.00000 0.00000     NaN 0.00000 0.00000  1.000 0.339    
Rhabdosargus.haffara         0.00000 0.00000     NaN 0.00000 0.00000  1.000 0.331    
Sardin.sp                    0.00000 0.00000     NaN 0.00000 0.00000  1.000 0.940    
Scomber.sp                   0.00000 0.00000     NaN 0.00000 0.00000  1.000 0.316    
Scomberomorus.commerson      0.00000 0.00000     NaN 0.00000 0.00000  1.000 0.577    
Symphodus.tinca              0.00000 0.00000     NaN 0.00000 0.00000  1.000 0.928    
Synodus.saurus               0.00000 0.00000     NaN 0.00000 0.00000  1.000 0.339    
---
Signif. codes:  0 ‘***’ 0.001 ‘**’ 0.01 ‘*’ 0.05 ‘.’ 0.1 ‘ ’ 1

Contrast: Achziv25_SdotYam10 

                             average      sd   ratio     ava     avb cumsum     p    
Sargocentron.rubrum          0.08707 0.04373 1.99080 0.40180 0.02510  0.140 0.001 ***
Coris.julis                  0.07758 0.04539 1.70910 0.37570 0.10580  0.265 0.003 ** 
Chromis.chromis              0.06527 0.05234 1.24700 0.28990 0.49780  0.370 0.955    
Thalassoma.pavo              0.05613 0.05119 1.09660 0.32650 0.51170  0.461 1.000    
Siganus.rivulatus            0.05246 0.05197 1.00940 0.14080 0.21300  0.545 0.472    
Mycteroperca.rubra           0.04451 0.03844 1.15780 0.20900 0.08770  0.617 0.402    
Epinephelus.marginatus       0.04077 0.03538 1.15240 0.15410 0.16170  0.682 0.190    
Parupeneus.forsskali         0.03216 0.03846 0.83630 0.10030 0.09770  0.734 0.709    
Siganus.luridus              0.02871 0.03852 0.74540 0.06520 0.10150  0.780 0.676    
Epinephelus.costae           0.02473 0.03516 0.70330 0.10320 0.02120  0.820 0.722    
Serranus.cabrilla            0.02102 0.03233 0.65020 0.08500 0.01710  0.854 1.000    
Diplodus.sargus              0.01285 0.02766 0.46470 0.00000 0.06100  0.875 0.325    
Diplodus.cervinus            0.01217 0.02938 0.41430 0.00000 0.05410  0.894 0.001 ***
Pterois.miles                0.00963 0.02411 0.39930 0.03870 0.00680  0.910 0.973    
Torquigener.flavimaculosus   0.00806 0.02148 0.37550 0.03580 0.00000  0.923 0.999    
Sparisoma.cretense           0.00803 0.02292 0.35040 0.03890 0.00000  0.936 0.992    
Diplodus.vulgaris            0.00678 0.02636 0.25740 0.00000 0.03000  0.947 0.207    
Serranus.scriba              0.00383 0.01344 0.28510 0.01180 0.00720  0.953 0.944    
Diplodos.cervinus            0.00365 0.02976 0.12260 0.00000 0.01370  0.959 0.351    
Dasyatis.pastinaca           0.00317 0.01243 0.25490 0.01480 0.00000  0.964 0.031 *  
Parablennius.rouxi           0.00278 0.01276 0.21800 0.00810 0.00460  0.968 0.458    
Gobius.sp                    0.00217 0.00978 0.22200 0.00680 0.00370  0.972 0.056 .  
Symphodus.sp                 0.00201 0.01106 0.18170 0.00910 0.00000  0.975 0.002 ** 
Fistularia.commersonii       0.00188 0.01072 0.17570 0.00550 0.00350  0.978 0.075 .  
Scarus.ghobban               0.00159 0.00860 0.18480 0.00810 0.00000  0.981 0.763    
Salpa.salpa                  0.00133 0.01024 0.12960 0.00610 0.00000  0.983 0.005 ** 
Diplodus.puntazzo            0.00126 0.01028 0.12280 0.00000 0.00550  0.985 0.563    
Pagrus.caeruleostictus       0.00103 0.00840 0.12280 0.00000 0.00520  0.987 0.443    
Gobius.bucchichi             0.00086 0.00664 0.12960 0.00410 0.00000  0.988 0.120    
Saprisoma.cretense           0.00084 0.00649 0.12960 0.00400 0.00000  0.989 0.974    
Dasyatis.sp                  0.00082 0.00635 0.12960 0.00390 0.00000  0.991 0.289    
Symphodus.tinca              0.00080 0.00649 0.12280 0.00000 0.00370  0.992 0.847    
Balistes.capriscus           0.00077 0.00631 0.12280 0.00000 0.00370  0.993 0.748    
Cheilodipterus.novemstriatus 0.00077 0.00590 0.12970 0.00400 0.00000  0.994 0.134    
Gobius.vittatus              0.00074 0.00600 0.12280 0.00000 0.00370  0.996 0.591    
Pteragogus.pelycus           0.00074 0.00600 0.12280 0.00000 0.00370  0.997 0.348    
Himantura.uarnak             0.00070 0.00568 0.12280 0.00000 0.00330  0.998 0.344    
Echeneis.sp                  0.00068 0.00522 0.12970 0.00330 0.00000  0.999 0.007 ** 
Taeniurops.grabatus          0.00064 0.00496 0.12960 0.00320 0.00000  1.000 0.582    
Acantholabrus.palloni        0.00000 0.00000     NaN 0.00000 0.00000  1.000 0.355    
Argyrosomus.regius           0.00000 0.00000     NaN 0.00000 0.00000  1.000 0.341    
Atherinomorus.forskalii      0.00000 0.00000     NaN 0.00000 0.00000  1.000 0.365    
Muraena.helena               0.00000 0.00000     NaN 0.00000 0.00000  1.000 0.938    
Pagrus.auriga                0.00000 0.00000     NaN 0.00000 0.00000  1.000 0.377    
Rhabdosargus.haffara         0.00000 0.00000     NaN 0.00000 0.00000  1.000 0.348    
Sardin.sp                    0.00000 0.00000     NaN 0.00000 0.00000  1.000 0.973    
Sciaena.umbra                0.00000 0.00000     NaN 0.00000 0.00000  1.000 0.998    
Scomber.sp                   0.00000 0.00000     NaN 0.00000 0.00000  1.000 0.340    
Scomberomorus.commerson      0.00000 0.00000     NaN 0.00000 0.00000  1.000 0.606    
Seriola.dumerili             0.00000 0.00000     NaN 0.00000 0.00000  1.000 0.586    
Symphodus.mediterraneus      0.00000 0.00000     NaN 0.00000 0.00000  1.000 0.958    
Synodus.saurus               0.00000 0.00000     NaN 0.00000 0.00000  1.000 0.375    
---
Signif. codes:  0 ‘***’ 0.001 ‘**’ 0.01 ‘*’ 0.05 ‘.’ 0.1 ‘ ’ 1

Contrast: Achziv25_SdotYam25 

                             average      sd   ratio     ava     avb cumsum     p    
Sargocentron.rubrum          0.08686 0.04199 2.06850 0.40180 0.02450  0.136 0.001 ***
Chromis.chromis              0.06973 0.05460 1.27720 0.28990 0.38700  0.244 0.661    
Thalassoma.pavo              0.05910 0.04316 1.36950 0.32650 0.17180  0.336 0.926    
Coris.julis                  0.05062 0.04235 1.19540 0.37570 0.39450  0.416 1.000    
Mycteroperca.rubra           0.04968 0.04232 1.17380 0.20900 0.12030  0.493 0.012 *  
Siganus.rivulatus            0.04764 0.05201 0.91600 0.14080 0.15860  0.567 0.897    
Serranus.cabrilla            0.04266 0.03993 1.06840 0.08500 0.19240  0.634 0.903    
Torquigener.flavimaculosus   0.04136 0.04519 0.91510 0.03580 0.18470  0.699 0.001 ***
Epinephelus.marginatus       0.03563 0.03465 1.02820 0.15410 0.05330  0.754 0.805    
Parupeneus.forsskali         0.03343 0.03938 0.84900 0.10030 0.10670  0.806 0.537    
Epinephelus.costae           0.03127 0.03928 0.79600 0.10320 0.07840  0.855 0.068 .  
Sparisoma.cretense           0.01488 0.03676 0.40470 0.03890 0.03420  0.878 0.640    
Siganus.luridus              0.01456 0.03052 0.47720 0.06520 0.00550  0.901 1.000    
Pterois.miles                0.00983 0.02427 0.40500 0.03870 0.00870  0.916 0.977    
Serranus.scriba              0.00947 0.02577 0.36740 0.01180 0.03350  0.931 0.162    
Muraena.helena               0.00416 0.01688 0.24610 0.00000 0.01850  0.938 0.226    
Symphodus.mediterraneus      0.00407 0.01632 0.24940 0.00000 0.01960  0.944 0.157    
Saprisoma.cretense           0.00401 0.01889 0.21250 0.00400 0.01450  0.950 0.610    
Balistes.capriscus           0.00370 0.02135 0.17310 0.00000 0.01480  0.956 0.117    
Parablennius.rouxi           0.00347 0.01355 0.25640 0.00810 0.00880  0.961 0.235    
Sardin.sp                    0.00336 0.01886 0.17830 0.00000 0.01600  0.967 0.737    
Dasyatis.pastinaca           0.00314 0.01231 0.25540 0.01480 0.00000  0.972 0.032 *  
Symphodus.sp                 0.00199 0.01094 0.18200 0.00910 0.00000  0.975 0.006 ** 
Scomberomorus.commerson      0.00171 0.00956 0.17840 0.00000 0.00870  0.977 0.132    
Symphodus.tinca              0.00165 0.00939 0.17560 0.00000 0.00780  0.980 0.601    
Scarus.ghobban               0.00158 0.00853 0.18510 0.00810 0.00000  0.982 0.783    
Atherinomorus.forskalii      0.00152 0.01210 0.12570 0.00000 0.00760  0.985 0.347    
Gobius.sp                    0.00146 0.00789 0.18510 0.00680 0.00000  0.987 0.279    
Salpa.salpa                  0.00131 0.01013 0.12980 0.00610 0.00000  0.989 0.025 *  
Diplodus.vulgaris            0.00122 0.00967 0.12570 0.00000 0.00610  0.991 0.951    
Fistularia.commersonii       0.00117 0.00903 0.12980 0.00550 0.00000  0.993 0.133    
Seriola.dumerili             0.00093 0.00739 0.12570 0.00000 0.00480  0.994 0.395    
Gobius.bucchichi             0.00085 0.00658 0.12980 0.00410 0.00000  0.996 0.143    
Dasyatis.sp                  0.00082 0.00629 0.12980 0.00390 0.00000  0.997 0.285    
Cheilodipterus.novemstriatus 0.00076 0.00585 0.12990 0.00400 0.00000  0.998 0.126    
Echeneis.sp                  0.00067 0.00517 0.12980 0.00330 0.00000  0.999 0.018 *  
Taeniurops.grabatus          0.00064 0.00492 0.12980 0.00320 0.00000  1.000 0.584    
Acantholabrus.palloni        0.00000 0.00000     NaN 0.00000 0.00000  1.000 0.373    
Argyrosomus.regius           0.00000 0.00000     NaN 0.00000 0.00000  1.000 0.340    
Diplodos.cervinus            0.00000 0.00000     NaN 0.00000 0.00000  1.000 0.333    
Diplodus.cervinus            0.00000 0.00000     NaN 0.00000 0.00000  1.000 0.996    
Diplodus.puntazzo            0.00000 0.00000     NaN 0.00000 0.00000  1.000 0.587    
Diplodus.sargus              0.00000 0.00000     NaN 0.00000 0.00000  1.000 1.000    
Gobius.vittatus              0.00000 0.00000     NaN 0.00000 0.00000  1.000 0.594    
Himantura.uarnak             0.00000 0.00000     NaN 0.00000 0.00000  1.000 0.346    
Pagrus.auriga                0.00000 0.00000     NaN 0.00000 0.00000  1.000 0.366    
Pagrus.caeruleostictus       0.00000 0.00000     NaN 0.00000 0.00000  1.000 0.731    
Pteragogus.pelycus           0.00000 0.00000     NaN 0.00000 0.00000  1.000 0.340    
Rhabdosargus.haffara         0.00000 0.00000     NaN 0.00000 0.00000  1.000 0.332    
Sciaena.umbra                0.00000 0.00000     NaN 0.00000 0.00000  1.000 0.997    
Scomber.sp                   0.00000 0.00000     NaN 0.00000 0.00000  1.000 0.371    
Synodus.saurus               0.00000 0.00000     NaN 0.00000 0.00000  1.000 0.349    
---
Signif. codes:  0 ‘***’ 0.001 ‘**’ 0.01 ‘*’ 0.05 ‘.’ 0.1 ‘ ’ 1

Contrast: Achziv25_SdotYam45 

                             average      sd   ratio     ava     avb cumsum     p    
Sargocentron.rubrum          0.09681 0.04435 2.18310 0.40180 0.00000  0.133 0.001 ***
Chromis.chromis              0.08810 0.06287 1.40130 0.28990 0.53480  0.254 0.002 ** 
Serranus.cabrilla            0.07735 0.07521 1.02840 0.08500 0.34430  0.361 0.001 ***
Thalassoma.pavo              0.07698 0.04771 1.61340 0.32650 0.01330  0.467 0.001 ***
Coris.julis                  0.06493 0.05072 1.28010 0.37570 0.28430  0.556 0.776    
Mycteroperca.rubra           0.04975 0.04411 1.12780 0.20900 0.03520  0.624 0.032 *  
Siganus.rivulatus            0.04568 0.05181 0.88170 0.14080 0.12770  0.687 0.945    
Epinephelus.marginatus       0.03870 0.04007 0.96560 0.15410 0.03090  0.741 0.450    
Parupeneus.forsskali         0.03325 0.04431 0.75030 0.10030 0.07710  0.786 0.565    
Epinephelus.costae           0.02592 0.03848 0.67350 0.10320 0.01500  0.822 0.618    
Pterois.miles                0.02028 0.03707 0.54700 0.03870 0.06100  0.850 0.081 .  
Torquigener.flavimaculosus   0.02019 0.03514 0.57460 0.03580 0.06180  0.878 0.639    
Sparisoma.cretense           0.01778 0.03529 0.50380 0.03890 0.05030  0.902 0.352    
Siganus.luridus              0.01462 0.03182 0.45950 0.06520 0.00000  0.922 0.999    
Sardin.sp                    0.01455 0.04236 0.34360 0.00000 0.06460  0.942 0.006 ** 
Saprisoma.cretense           0.00702 0.02527 0.27780 0.00400 0.02670  0.952 0.162    
Muraena.helena               0.00428 0.02185 0.19600 0.00000 0.01730  0.958 0.224    
Dasyatis.pastinaca           0.00335 0.01316 0.25480 0.01480 0.00000  0.962 0.046 *  
Symphodus.mediterraneus      0.00299 0.01430 0.20930 0.00000 0.01390  0.966 0.417    
Symphodus.tinca              0.00294 0.01482 0.19870 0.00000 0.01170  0.971 0.219    
Serranus.scriba              0.00260 0.01159 0.22470 0.01180 0.00000  0.974 0.978    
Symphodus.sp                 0.00213 0.01172 0.18170 0.00910 0.00000  0.977 0.051 .  
Parablennius.rouxi           0.00180 0.00972 0.18490 0.00810 0.00000  0.980 0.667    
Scarus.ghobban               0.00167 0.00905 0.18490 0.00810 0.00000  0.982 0.730    
Gobius.sp                    0.00156 0.00843 0.18490 0.00680 0.00000  0.984 0.283    
Acantholabrus.palloni        0.00144 0.00983 0.14700 0.00000 0.00630  0.986 0.127    
Salpa.salpa                  0.00140 0.01083 0.12960 0.00610 0.00000  0.988 0.128    
Scomber.sp                   0.00137 0.00933 0.14700 0.00000 0.00580  0.990 0.133    
Fistularia.commersonii       0.00125 0.00964 0.12960 0.00550 0.00000  0.991 0.194    
Diplodus.vulgaris            0.00113 0.00765 0.14710 0.00000 0.00540  0.993 0.939    
Synodus.saurus               0.00113 0.00765 0.14710 0.00000 0.00540  0.995 0.153    
Gobius.bucchichi             0.00091 0.00701 0.12970 0.00410 0.00000  0.996 0.247    
Dasyatis.sp                  0.00087 0.00671 0.12970 0.00390 0.00000  0.997 0.312    
Cheilodipterus.novemstriatus 0.00080 0.00620 0.12980 0.00400 0.00000  0.998 0.259    
Echeneis.sp                  0.00071 0.00550 0.12970 0.00330 0.00000  0.999 0.123    
Taeniurops.grabatus          0.00068 0.00523 0.12970 0.00320 0.00000  1.000 0.582    
Argyrosomus.regius           0.00000 0.00000     NaN 0.00000 0.00000  1.000 0.276    
Atherinomorus.forskalii      0.00000 0.00000     NaN 0.00000 0.00000  1.000 0.289    
Balistes.capriscus           0.00000 0.00000     NaN 0.00000 0.00000  1.000 0.658    
Diplodos.cervinus            0.00000 0.00000     NaN 0.00000 0.00000  1.000 0.290    
Diplodus.cervinus            0.00000 0.00000     NaN 0.00000 0.00000  1.000 0.989    
Diplodus.puntazzo            0.00000 0.00000     NaN 0.00000 0.00000  1.000 0.480    
Diplodus.sargus              0.00000 0.00000     NaN 0.00000 0.00000  1.000 1.000    
Gobius.vittatus              0.00000 0.00000     NaN 0.00000 0.00000  1.000 0.483    
Himantura.uarnak             0.00000 0.00000     NaN 0.00000 0.00000  1.000 0.284    
Pagrus.auriga                0.00000 0.00000     NaN 0.00000 0.00000  1.000 0.308    
Pagrus.caeruleostictus       0.00000 0.00000     NaN 0.00000 0.00000  1.000 0.676    
Pteragogus.pelycus           0.00000 0.00000     NaN 0.00000 0.00000  1.000 0.260    
Rhabdosargus.haffara         0.00000 0.00000     NaN 0.00000 0.00000  1.000 0.296    
Sciaena.umbra                0.00000 0.00000     NaN 0.00000 0.00000  1.000 0.990    
Scomberomorus.commerson      0.00000 0.00000     NaN 0.00000 0.00000  1.000 0.525    
Seriola.dumerili             0.00000 0.00000     NaN 0.00000 0.00000  1.000 0.525    
---
Signif. codes:  0 ‘***’ 0.001 ‘**’ 0.01 ‘*’ 0.05 ‘.’ 0.1 ‘ ’ 1

Contrast: Achziv45_SdotYam10 

                             average      sd   ratio     ava     avb cumsum     p    
Thalassoma.pavo              0.11639 0.06890 1.68910 0.07380 0.51170  0.160 0.001 ***
Coris.julis                  0.08047 0.07687 1.04690 0.30700 0.10580  0.270 0.001 ***
Chromis.chromis              0.07508 0.06460 1.16230 0.41360 0.49780  0.373 0.195    
Serranus.cabrilla            0.05563 0.06426 0.86560 0.20980 0.01710  0.449 0.113    
Siganus.rivulatus            0.05098 0.06284 0.81120 0.00000 0.21300  0.519 0.669    
Epinephelus.marginatus       0.04678 0.04673 1.00110 0.11710 0.16170  0.583 0.001 ***
Mycteroperca.rubra           0.04650 0.04852 0.95820 0.17230 0.08770  0.647 0.162    
Parupeneus.forsskali         0.03331 0.04720 0.70560 0.07030 0.09770  0.693 0.542    
Diplodus.sargus              0.02990 0.04532 0.65990 0.08900 0.06100  0.734 0.001 ***
Epinephelus.costae           0.02934 0.04419 0.66400 0.11350 0.02120  0.774 0.193    
Sciaena.umbra                0.02871 0.05730 0.50100 0.12110 0.00000  0.813 0.001 ***
Siganus.luridus              0.02363 0.04013 0.58890 0.00000 0.10150  0.846 0.967    
Pterois.miles                0.02339 0.03604 0.64880 0.09720 0.00680  0.878 0.003 ** 
Sparisoma.cretense           0.02002 0.05201 0.38490 0.08090 0.00000  0.905 0.186    
Diplodus.cervinus            0.01483 0.03434 0.43170 0.00630 0.05410  0.926 0.001 ***
Diplodus.vulgaris            0.01117 0.03412 0.32740 0.01680 0.03000  0.941 0.001 ***
Sargocentron.rubrum          0.00698 0.02136 0.32660 0.00540 0.02510  0.951 1.000    
Serranus.scriba              0.00485 0.01715 0.28290 0.01380 0.00720  0.957 0.861    
Scarus.ghobban               0.00459 0.01973 0.23240 0.02020 0.00000  0.964 0.111    
Diplodos.cervinus            0.00421 0.03447 0.12210 0.00000 0.01370  0.969 0.178    
Diplodus.puntazzo            0.00324 0.01830 0.17690 0.00780 0.00550  0.974 0.031 *  
Parablennius.rouxi           0.00294 0.01663 0.17710 0.00740 0.00460  0.978 0.373    
Pagrus.caeruleostictus       0.00205 0.01165 0.17580 0.00470 0.00520  0.981 0.055 .  
Gobius.vittatus              0.00172 0.00967 0.17760 0.00420 0.00370  0.983 0.029 *  
Argyrosomus.regius           0.00124 0.00967 0.12850 0.00580 0.00000  0.985 0.009 ** 
Symphodus.mediterraneus      0.00121 0.00946 0.12830 0.00500 0.00000  0.986 0.850    
Taeniurops.grabatus          0.00110 0.00859 0.12840 0.00460 0.00000  0.988 0.294    
Torquigener.flavimaculosus   0.00105 0.00820 0.12840 0.00460 0.00000  0.989 1.000    
Seriola.dumerili             0.00093 0.00726 0.12830 0.00390 0.00000  0.991 0.354    
Symphodus.tinca              0.00089 0.00727 0.12250 0.00000 0.00370  0.992 0.786    
Balistes.capriscus           0.00086 0.00706 0.12250 0.00000 0.00370  0.993 0.674    
Gobius.sp                    0.00082 0.00666 0.12260 0.00000 0.00370  0.994 0.465    
Pteragogus.pelycus           0.00082 0.00666 0.12260 0.00000 0.00370  0.995 0.179    
Fistularia.commersonii       0.00081 0.00658 0.12250 0.00000 0.00350  0.996 0.442    
Himantura.uarnak             0.00078 0.00635 0.12250 0.00000 0.00330  0.997 0.177    
Dasyatis.sp                  0.00068 0.00530 0.12860 0.00330 0.00000  0.998 0.431    
Cheilodipterus.novemstriatus 0.00066 0.00511 0.12860 0.00330 0.00000  0.999 0.359    
Pagrus.auriga                0.00060 0.00470 0.12860 0.00310 0.00000  1.000 0.008 ** 
Acantholabrus.palloni        0.00000 0.00000     NaN 0.00000 0.00000  1.000 0.353    
Atherinomorus.forskalii      0.00000 0.00000     NaN 0.00000 0.00000  1.000 0.368    
Dasyatis.pastinaca           0.00000 0.00000     NaN 0.00000 0.00000  1.000 0.872    
Echeneis.sp                  0.00000 0.00000     NaN 0.00000 0.00000  1.000 0.353    
Gobius.bucchichi             0.00000 0.00000     NaN 0.00000 0.00000  1.000 0.612    
Muraena.helena               0.00000 0.00000     NaN 0.00000 0.00000  1.000 0.931    
Rhabdosargus.haffara         0.00000 0.00000     NaN 0.00000 0.00000  1.000 0.374    
Salpa.salpa                  0.00000 0.00000     NaN 0.00000 0.00000  1.000 0.338    
Saprisoma.cretense           0.00000 0.00000     NaN 0.00000 0.00000  1.000 0.988    
Sardin.sp                    0.00000 0.00000     NaN 0.00000 0.00000  1.000 0.935    
Scomber.sp                   0.00000 0.00000     NaN 0.00000 0.00000  1.000 0.375    
Scomberomorus.commerson      0.00000 0.00000     NaN 0.00000 0.00000  1.000 0.588    
Symphodus.sp                 0.00000 0.00000     NaN 0.00000 0.00000  1.000 0.580    
Synodus.saurus               0.00000 0.00000     NaN 0.00000 0.00000  1.000 0.367    
---
Signif. codes:  0 ‘***’ 0.001 ‘**’ 0.01 ‘*’ 0.05 ‘.’ 0.1 ‘ ’ 1

Contrast: Achziv45_SdotYam25 

                             average      sd   ratio     ava     avb cumsum     p    
Chromis.chromis              0.08493 0.07229 1.17480 0.41360 0.38700  0.125 0.001 ***
Coris.julis                  0.07712 0.06171 1.24970 0.30700 0.39450  0.238 0.004 ** 
Serranus.cabrilla            0.06013 0.05325 1.12930 0.20980 0.19240  0.327 0.022 *  
Mycteroperca.rubra           0.05110 0.05595 0.91340 0.17230 0.12030  0.402 0.003 ** 
Thalassoma.pavo              0.04608 0.04979 0.92550 0.07380 0.17180  0.470 1.000    
Torquigener.flavimaculosus   0.04568 0.05349 0.85410 0.00460 0.18470  0.537 0.001 ***
Siganus.rivulatus            0.03828 0.06112 0.62620 0.00000 0.15860  0.594 1.000    
Epinephelus.costae           0.03655 0.04800 0.76150 0.11350 0.07840  0.647 0.002 ** 
Parupeneus.forsskali         0.03486 0.04828 0.72200 0.07030 0.10670  0.699 0.400    
Epinephelus.marginatus       0.03357 0.04560 0.73630 0.11710 0.05330  0.748 0.949    
Sciaena.umbra                0.02843 0.05658 0.50250 0.12110 0.00000  0.790 0.001 ***
Sparisoma.cretense           0.02657 0.05821 0.45650 0.08090 0.03420  0.829 0.006 ** 
Pterois.miles                0.02338 0.03580 0.65300 0.09720 0.00870  0.863 0.003 ** 
Diplodus.sargus              0.02086 0.04275 0.48790 0.08900 0.00000  0.894 0.001 ***
Serranus.scriba              0.01112 0.03001 0.37060 0.01380 0.03350  0.910 0.037 *  
Sargocentron.rubrum          0.00733 0.02571 0.28510 0.00540 0.02450  0.921 1.000    
Symphodus.mediterraneus      0.00561 0.02001 0.28060 0.00500 0.01960  0.929 0.031 *  
Diplodus.vulgaris            0.00524 0.02145 0.24430 0.01680 0.00610  0.937 0.385    
Muraena.helena               0.00468 0.01911 0.24470 0.00000 0.01850  0.944 0.171    
Scarus.ghobban               0.00454 0.01950 0.23300 0.02020 0.00000  0.951 0.116    
Balistes.capriscus           0.00422 0.02453 0.17200 0.00000 0.01480  0.957 0.050 *  
Sardin.sp                    0.00375 0.02110 0.17770 0.00000 0.01600  0.962 0.758    
Parablennius.rouxi           0.00372 0.01726 0.21580 0.00740 0.00880  0.968 0.195    
Saprisoma.cretense           0.00363 0.02033 0.17860 0.00000 0.01450  0.973 0.689    
Seriola.dumerili             0.00192 0.01072 0.17940 0.00390 0.00480  0.976 0.018 *  
Scomberomorus.commerson      0.00189 0.01060 0.17810 0.00000 0.00870  0.979 0.034 *  
Diplodus.puntazzo            0.00184 0.01432 0.12860 0.00780 0.00000  0.982 0.136    
Symphodus.tinca              0.00184 0.01051 0.17490 0.00000 0.00780  0.984 0.494    
Atherinomorus.forskalii      0.00169 0.01344 0.12540 0.00000 0.00760  0.987 0.158    
Diplodus.cervinus            0.00151 0.01174 0.12860 0.00630 0.00000  0.989 0.973    
Siganus.luridus              0.00141 0.01129 0.12530 0.00000 0.00550  0.991 1.000    
Argyrosomus.regius           0.00123 0.00957 0.12870 0.00580 0.00000  0.993 0.031 *  
Taeniurops.grabatus          0.00109 0.00849 0.12860 0.00460 0.00000  0.995 0.311    
Pagrus.caeruleostictus       0.00092 0.00716 0.12880 0.00470 0.00000  0.996 0.449    
Gobius.vittatus              0.00092 0.00711 0.12870 0.00420 0.00000  0.997 0.144    
Dasyatis.sp                  0.00068 0.00525 0.12870 0.00330 0.00000  0.998 0.451    
Cheilodipterus.novemstriatus 0.00065 0.00506 0.12880 0.00330 0.00000  0.999 0.365    
Pagrus.auriga                0.00060 0.00466 0.12880 0.00310 0.00000  1.000 0.030 *  
Acantholabrus.palloni        0.00000 0.00000     NaN 0.00000 0.00000  1.000 0.336    
Dasyatis.pastinaca           0.00000 0.00000     NaN 0.00000 0.00000  1.000 0.882    
Diplodos.cervinus            0.00000 0.00000     NaN 0.00000 0.00000  1.000 0.315    
Echeneis.sp                  0.00000 0.00000     NaN 0.00000 0.00000  1.000 0.342    
Fistularia.commersonii       0.00000 0.00000     NaN 0.00000 0.00000  1.000 0.581    
Gobius.bucchichi             0.00000 0.00000     NaN 0.00000 0.00000  1.000 0.551    
Gobius.sp                    0.00000 0.00000     NaN 0.00000 0.00000  1.000 0.824    
Himantura.uarnak             0.00000 0.00000     NaN 0.00000 0.00000  1.000 0.348    
Pteragogus.pelycus           0.00000 0.00000     NaN 0.00000 0.00000  1.000 0.354    
Rhabdosargus.haffara         0.00000 0.00000     NaN 0.00000 0.00000  1.000 0.344    
Salpa.salpa                  0.00000 0.00000     NaN 0.00000 0.00000  1.000 0.362    
Scomber.sp                   0.00000 0.00000     NaN 0.00000 0.00000  1.000 0.353    
Symphodus.sp                 0.00000 0.00000     NaN 0.00000 0.00000  1.000 0.579    
Synodus.saurus               0.00000 0.00000     NaN 0.00000 0.00000  1.000 0.390    
---
Signif. codes:  0 ‘***’ 0.001 ‘**’ 0.01 ‘*’ 0.05 ‘.’ 0.1 ‘ ’ 1

Contrast: Achziv45_SdotYam45 

                             average      sd   ratio     ava     avb cumsum     p    
Chromis.chromis              0.09443 0.08284 1.14000 0.41360 0.53480  0.142 0.001 ***
Serranus.cabrilla            0.08627 0.08000 1.07830 0.20980 0.34430  0.272 0.001 ***
Coris.julis                  0.08427 0.07496 1.12420 0.30700 0.28430  0.399 0.001 ***
Mycteroperca.rubra           0.04647 0.05748 0.80850 0.17230 0.03520  0.469 0.187    
Epinephelus.marginatus       0.03460 0.05287 0.65450 0.11710 0.03090  0.520 0.883    
Pterois.miles                0.03303 0.04462 0.74020 0.09720 0.06100  0.570 0.001 ***
Parupeneus.forsskali         0.03295 0.05478 0.60160 0.07030 0.07710  0.620 0.590    
Siganus.rivulatus            0.03176 0.05560 0.57120 0.00000 0.12770  0.667 1.000    
Epinephelus.costae           0.03067 0.04847 0.63280 0.11350 0.01500  0.714 0.124    
Sciaena.umbra                0.03056 0.06105 0.50060 0.12110 0.00000  0.760 0.001 ***
Sparisoma.cretense           0.03055 0.05903 0.51760 0.08090 0.05030  0.806 0.002 ** 
Diplodus.sargus              0.02242 0.04617 0.48560 0.08900 0.00000  0.839 0.001 ***
Thalassoma.pavo              0.02095 0.03887 0.53910 0.07380 0.01330  0.871 1.000    
Torquigener.flavimaculosus   0.01697 0.03771 0.45000 0.00460 0.06180  0.896 0.864    
Sardin.sp                    0.01638 0.04782 0.34240 0.00000 0.06460  0.921 0.001 ***
Saprisoma.cretense           0.00706 0.02808 0.25130 0.00000 0.02670  0.932 0.150    
Diplodus.vulgaris            0.00545 0.02190 0.24860 0.01680 0.00540  0.940 0.393    
Muraena.helena               0.00489 0.02513 0.19450 0.00000 0.01730  0.947 0.145    
Scarus.ghobban               0.00487 0.02099 0.23200 0.02020 0.00000  0.955 0.122    
Symphodus.mediterraneus      0.00455 0.01853 0.24550 0.00500 0.01390  0.961 0.161    
Serranus.scriba              0.00357 0.01589 0.22440 0.01380 0.00000  0.967 0.930    
Symphodus.tinca              0.00337 0.01709 0.19700 0.00000 0.01170  0.972 0.169    
Diplodus.puntazzo            0.00198 0.01541 0.12840 0.00780 0.00000  0.975 0.181    
Parablennius.rouxi           0.00180 0.01398 0.12850 0.00740 0.00000  0.977 0.681    
Acantholabrus.palloni        0.00163 0.01112 0.14660 0.00000 0.00630  0.980 0.001 ***
Diplodus.cervinus            0.00162 0.01266 0.12840 0.00630 0.00000  0.982 0.946    
Scomber.sp                   0.00155 0.01058 0.14650 0.00000 0.00580  0.985 0.001 ***
Sargocentron.rubrum          0.00148 0.01153 0.12830 0.00540 0.00000  0.987 1.000    
Argyrosomus.regius           0.00131 0.01023 0.12860 0.00580 0.00000  0.989 0.143    
Synodus.saurus               0.00125 0.00854 0.14670 0.00000 0.00540  0.991 0.001 ***
Taeniurops.grabatus          0.00117 0.00913 0.12840 0.00460 0.00000  0.993 0.260    
Seriola.dumerili             0.00099 0.00772 0.12840 0.00390 0.00000  0.994 0.399    
Pagrus.caeruleostictus       0.00098 0.00760 0.12860 0.00470 0.00000  0.996 0.448    
Gobius.vittatus              0.00098 0.00761 0.12850 0.00420 0.00000  0.997 0.281    
Dasyatis.sp                  0.00072 0.00558 0.12860 0.00330 0.00000  0.998 0.527    
Cheilodipterus.novemstriatus 0.00069 0.00538 0.12860 0.00330 0.00000  0.999 0.416    
Pagrus.auriga                0.00064 0.00495 0.12860 0.00310 0.00000  1.000 0.140    
Atherinomorus.forskalii      0.00000 0.00000     NaN 0.00000 0.00000  1.000 0.296    
Balistes.capriscus           0.00000 0.00000     NaN 0.00000 0.00000  1.000 0.672    
Dasyatis.pastinaca           0.00000 0.00000     NaN 0.00000 0.00000  1.000 0.839    
Diplodos.cervinus            0.00000 0.00000     NaN 0.00000 0.00000  1.000 0.284    
Echeneis.sp                  0.00000 0.00000     NaN 0.00000 0.00000  1.000 0.299    
Fistularia.commersonii       0.00000 0.00000     NaN 0.00000 0.00000  1.000 0.506    
Gobius.bucchichi             0.00000 0.00000     NaN 0.00000 0.00000  1.000 0.516    
Gobius.sp                    0.00000 0.00000     NaN 0.00000 0.00000  1.000 0.758    
Himantura.uarnak             0.00000 0.00000     NaN 0.00000 0.00000  1.000 0.316    
Pteragogus.pelycus           0.00000 0.00000     NaN 0.00000 0.00000  1.000 0.299    
Rhabdosargus.haffara         0.00000 0.00000     NaN 0.00000 0.00000  1.000 0.273    
Salpa.salpa                  0.00000 0.00000     NaN 0.00000 0.00000  1.000 0.303    
Scomberomorus.commerson      0.00000 0.00000     NaN 0.00000 0.00000  1.000 0.519    
Siganus.luridus              0.00000 0.00000     NaN 0.00000 0.00000  1.000 1.000    
Symphodus.sp                 0.00000 0.00000     NaN 0.00000 0.00000  1.000 0.512    
---
Signif. codes:  0 ‘***’ 0.001 ‘**’ 0.01 ‘*’ 0.05 ‘.’ 0.1 ‘ ’ 1

Contrast: SdotYam10_SdotYam25 

                             average      sd   ratio     ava     avb cumsum     p    
Thalassoma.pavo              0.09476 0.06813 1.39100 0.51170 0.17180  0.139 0.001 ***
Coris.julis                  0.09079 0.06359 1.42770 0.10580 0.39450  0.272 0.001 ***
Chromis.chromis              0.07169 0.06256 1.14590 0.49780 0.38700  0.378 0.525    
Siganus.rivulatus            0.06141 0.06329 0.97040 0.21300 0.15860  0.468 0.001 ***
Serranus.cabrilla            0.04693 0.04793 0.97910 0.01710 0.19240  0.537 0.718    
Torquigener.flavimaculosus   0.04488 0.05291 0.84830 0.00000 0.18470  0.603 0.001 ***
Epinephelus.marginatus       0.03994 0.04160 0.96010 0.16170 0.05330  0.661 0.243    
Mycteroperca.rubra           0.03863 0.04741 0.81490 0.08770 0.12030  0.718 0.957    
Parupeneus.forsskali         0.03668 0.04470 0.82070 0.09770 0.10670  0.772 0.179    
Siganus.luridus              0.02381 0.03946 0.60340 0.10150 0.00550  0.807 0.945    
Epinephelus.costae           0.02115 0.03793 0.55750 0.02120 0.07840  0.838 0.967    
Diplodus.sargus              0.01399 0.03018 0.46370 0.06100 0.00000  0.858 0.173    
Diplodus.cervinus            0.01334 0.03233 0.41270 0.05410 0.00000  0.878 0.001 ***
Sargocentron.rubrum          0.01093 0.02823 0.38700 0.02510 0.02450  0.894 1.000    
Serranus.scriba              0.00958 0.02820 0.33980 0.00720 0.03350  0.908 0.124    
Sparisoma.cretense           0.00873 0.03616 0.24130 0.00000 0.03420  0.921 0.975    
Diplodus.vulgaris            0.00860 0.03042 0.28280 0.03000 0.00610  0.933 0.043 *  
Balistes.capriscus           0.00493 0.02480 0.19880 0.00370 0.01480  0.941 0.002 ** 
Muraena.helena               0.00460 0.01881 0.24460 0.00000 0.01850  0.947 0.167    
Symphodus.mediterraneus      0.00447 0.01796 0.24870 0.00000 0.01960  0.954 0.119    
Diplodos.cervinus            0.00407 0.03328 0.12240 0.01370 0.00000  0.960 0.220    
Sardin.sp                    0.00369 0.02079 0.17760 0.00000 0.01600  0.965 0.785    
Saprisoma.cretense           0.00357 0.02002 0.17850 0.00000 0.01450  0.971 0.701    
Parablennius.rouxi           0.00326 0.01519 0.21460 0.00460 0.00880  0.975 0.323    
Pterois.miles                0.00317 0.01279 0.24790 0.00680 0.00870  0.980 1.000    
Symphodus.tinca              0.00263 0.01232 0.21370 0.00370 0.00780  0.984 0.250    
Scomberomorus.commerson      0.00186 0.01045 0.17800 0.00000 0.00870  0.987 0.001 ***
Atherinomorus.forskalii      0.00166 0.01326 0.12540 0.00000 0.00760  0.989 0.010 ** 
Diplodus.puntazzo            0.00138 0.01130 0.12260 0.00550 0.00000  0.991 0.503    
Pagrus.caeruleostictus       0.00112 0.00911 0.12270 0.00520 0.00000  0.993 0.356    
Seriola.dumerili             0.00101 0.00807 0.12540 0.00000 0.00480  0.994 0.155    
Gobius.sp                    0.00080 0.00651 0.12270 0.00370 0.00000  0.995 0.524    
Gobius.vittatus              0.00080 0.00651 0.12270 0.00370 0.00000  0.997 0.501    
Pteragogus.pelycus           0.00080 0.00651 0.12270 0.00370 0.00000  0.998 0.227    
Fistularia.commersonii       0.00079 0.00642 0.12270 0.00350 0.00000  0.999 0.500    
Himantura.uarnak             0.00076 0.00619 0.12260 0.00330 0.00000  1.000 0.206    
Acantholabrus.palloni        0.00000 0.00000     NaN 0.00000 0.00000  1.000 0.370    
Argyrosomus.regius           0.00000 0.00000     NaN 0.00000 0.00000  1.000 0.369    
Cheilodipterus.novemstriatus 0.00000 0.00000     NaN 0.00000 0.00000  1.000 0.581    
Dasyatis.pastinaca           0.00000 0.00000     NaN 0.00000 0.00000  1.000 0.897    
Dasyatis.sp                  0.00000 0.00000     NaN 0.00000 0.00000  1.000 0.753    
Echeneis.sp                  0.00000 0.00000     NaN 0.00000 0.00000  1.000 0.397    
Gobius.bucchichi             0.00000 0.00000     NaN 0.00000 0.00000  1.000 0.597    
Pagrus.auriga                0.00000 0.00000     NaN 0.00000 0.00000  1.000 0.343    
Rhabdosargus.haffara         0.00000 0.00000     NaN 0.00000 0.00000  1.000 0.355    
Salpa.salpa                  0.00000 0.00000     NaN 0.00000 0.00000  1.000 0.375    
Scarus.ghobban               0.00000 0.00000     NaN 0.00000 0.00000  1.000 0.966    
Sciaena.umbra                0.00000 0.00000     NaN 0.00000 0.00000  1.000 0.998    
Scomber.sp                   0.00000 0.00000     NaN 0.00000 0.00000  1.000 0.397    
Symphodus.sp                 0.00000 0.00000     NaN 0.00000 0.00000  1.000 0.600    
Synodus.saurus               0.00000 0.00000     NaN 0.00000 0.00000  1.000 0.373    
Taeniurops.grabatus          0.00000 0.00000     NaN 0.00000 0.00000  1.000 0.755    
---
Signif. codes:  0 ‘***’ 0.001 ‘**’ 0.01 ‘*’ 0.05 ‘.’ 0.1 ‘ ’ 1

Contrast: SdotYam10_SdotYam45 

                             average      sd   ratio     ava     avb cumsum     p    
Thalassoma.pavo              0.13590 0.06816 1.99360 0.51170 0.01330  0.187 0.001 ***
Serranus.cabrilla            0.09443 0.09170 1.02980 0.01710 0.34430  0.317 0.001 ***
Coris.julis                  0.07638 0.07169 1.06540 0.10580 0.28430  0.422 0.013 *  
Chromis.chromis              0.07461 0.07107 1.04980 0.49780 0.53480  0.524 0.243    
Siganus.rivulatus            0.06208 0.06616 0.93820 0.21300 0.12770  0.610 0.002 ** 
Epinephelus.marginatus       0.04315 0.04811 0.89690 0.16170 0.03090  0.669 0.053 .  
Parupeneus.forsskali         0.03637 0.05071 0.71710 0.09770 0.07710  0.719 0.222    
Mycteroperca.rubra           0.02723 0.03997 0.68130 0.08770 0.03520  0.756 1.000    
Siganus.luridus              0.02472 0.04202 0.58840 0.10150 0.00000  0.790 0.921    
Sardin.sp                    0.01611 0.04709 0.34210 0.00000 0.06460  0.812 0.001 ***
Pterois.miles                0.01611 0.03726 0.43240 0.00680 0.06100  0.835 0.382    
Torquigener.flavimaculosus   0.01594 0.03685 0.43250 0.00000 0.06180  0.857 0.912    
Diplodus.sargus              0.01501 0.03244 0.46270 0.06100 0.00000  0.877 0.132    
Diplodus.cervinus            0.01440 0.03504 0.41110 0.05410 0.00000  0.897 0.001 ***
Sparisoma.cretense           0.01231 0.03414 0.36050 0.00000 0.05030  0.914 0.810    
Diplodus.vulgaris            0.00910 0.03225 0.28210 0.03000 0.00540  0.926 0.060 .  
Epinephelus.costae           0.00852 0.02307 0.36920 0.02120 0.01500  0.938 1.000    
Saprisoma.cretense           0.00694 0.02763 0.25110 0.00000 0.02670  0.948 0.179    
Sargocentron.rubrum          0.00604 0.02007 0.30100 0.02510 0.00000  0.956 1.000    
Muraena.helena               0.00480 0.02470 0.19430 0.00000 0.01730  0.963 0.144    
Diplodos.cervinus            0.00447 0.03663 0.12200 0.01370 0.00000  0.969 0.139    
Symphodus.tinca              0.00416 0.01812 0.22980 0.00370 0.01170  0.975 0.069 .  
Symphodus.mediterraneus      0.00330 0.01581 0.20870 0.00000 0.01390  0.979 0.358    
Serranus.scriba              0.00174 0.00996 0.17440 0.00720 0.00000  0.981 0.993    
Acantholabrus.palloni        0.00160 0.01094 0.14650 0.00000 0.00630  0.984 0.004 ** 
Scomber.sp                   0.00152 0.01042 0.14640 0.00000 0.00580  0.986 0.004 ** 
Diplodus.puntazzo            0.00150 0.01222 0.12240 0.00550 0.00000  0.988 0.408    
Parablennius.rouxi           0.00136 0.01114 0.12220 0.00460 0.00000  0.990 0.762    
Synodus.saurus               0.00123 0.00842 0.14670 0.00000 0.00540  0.991 0.005 ** 
Pagrus.caeruleostictus       0.00119 0.00974 0.12260 0.00520 0.00000  0.993 0.314    
Balistes.capriscus           0.00090 0.00739 0.12250 0.00370 0.00000  0.994 0.584    
Gobius.sp                    0.00085 0.00695 0.12260 0.00370 0.00000  0.995 0.534    
Gobius.vittatus              0.00085 0.00695 0.12260 0.00370 0.00000  0.997 0.287    
Pteragogus.pelycus           0.00085 0.00695 0.12260 0.00370 0.00000  0.998 0.128    
Fistularia.commersonii       0.00084 0.00688 0.12250 0.00350 0.00000  0.999 0.424    
Himantura.uarnak             0.00081 0.00665 0.12250 0.00330 0.00000  1.000 0.123    
Argyrosomus.regius           0.00000 0.00000     NaN 0.00000 0.00000  1.000 0.323    
Atherinomorus.forskalii      0.00000 0.00000     NaN 0.00000 0.00000  1.000 0.331    
Cheilodipterus.novemstriatus 0.00000 0.00000     NaN 0.00000 0.00000  1.000 0.519    
Dasyatis.pastinaca           0.00000 0.00000     NaN 0.00000 0.00000  1.000 0.849    
Dasyatis.sp                  0.00000 0.00000     NaN 0.00000 0.00000  1.000 0.700    
Echeneis.sp                  0.00000 0.00000     NaN 0.00000 0.00000  1.000 0.300    
Gobius.bucchichi             0.00000 0.00000     NaN 0.00000 0.00000  1.000 0.534    
Pagrus.auriga                0.00000 0.00000     NaN 0.00000 0.00000  1.000 0.332    
Rhabdosargus.haffara         0.00000 0.00000     NaN 0.00000 0.00000  1.000 0.340    
Salpa.salpa                  0.00000 0.00000     NaN 0.00000 0.00000  1.000 0.298    
Scarus.ghobban               0.00000 0.00000     NaN 0.00000 0.00000  1.000 0.960    
Sciaena.umbra                0.00000 0.00000     NaN 0.00000 0.00000  1.000 0.992    
Scomberomorus.commerson      0.00000 0.00000     NaN 0.00000 0.00000  1.000 0.544    
Seriola.dumerili             0.00000 0.00000     NaN 0.00000 0.00000  1.000 0.550    
Symphodus.sp                 0.00000 0.00000     NaN 0.00000 0.00000  1.000 0.538    
Taeniurops.grabatus          0.00000 0.00000     NaN 0.00000 0.00000  1.000 0.685    
---
Signif. codes:  0 ‘***’ 0.001 ‘**’ 0.01 ‘*’ 0.05 ‘.’ 0.1 ‘ ’ 1

Contrast: SdotYam25_SdotYam45 

                             average      sd   ratio     ava     avb cumsum     p    
Chromis.chromis              0.09163 0.07922 1.15670 0.38700 0.53480  0.144 0.001 ***
Coris.julis                  0.07975 0.06617 1.20520 0.39450 0.28430  0.270 0.001 ***
Serranus.cabrilla            0.07810 0.07937 0.98400 0.19240 0.34430  0.392 0.001 ***
Siganus.rivulatus            0.05451 0.06631 0.82200 0.15860 0.12770  0.478 0.272    
Torquigener.flavimaculosus   0.05069 0.05500 0.92160 0.18470 0.06180  0.558 0.001 ***
Thalassoma.pavo              0.04468 0.05378 0.83080 0.17180 0.01330  0.628 1.000    
Parupeneus.forsskali         0.03791 0.05166 0.73380 0.10670 0.07710  0.688 0.137    
Mycteroperca.rubra           0.03511 0.05550 0.63250 0.12030 0.03520  0.743 0.997    
Epinephelus.costae           0.02164 0.04161 0.52020 0.07840 0.01500  0.777 0.932    
Sparisoma.cretense           0.02009 0.04739 0.42400 0.03420 0.05030  0.809 0.179    
Sardin.sp                    0.01908 0.04943 0.38600 0.01600 0.06460  0.839 0.002 ** 
Epinephelus.marginatus       0.01886 0.03844 0.49070 0.05330 0.03090  0.869 1.000    
Pterois.miles                0.01623 0.03709 0.43760 0.00870 0.06100  0.894 0.383    
Saprisoma.cretense           0.01025 0.03321 0.30870 0.01450 0.02670  0.910 0.012 *  
Muraena.helena               0.00926 0.03011 0.30750 0.01850 0.01730  0.925 0.001 ***
Serranus.scriba              0.00881 0.02936 0.30010 0.03350 0.00000  0.939 0.216    
Symphodus.mediterraneus      0.00769 0.02356 0.32620 0.01960 0.01390  0.951 0.004 ** 
Sargocentron.rubrum          0.00644 0.02533 0.25420 0.02450 0.00000  0.961 1.000    
Symphodus.tinca              0.00504 0.01925 0.26150 0.00780 0.01170  0.969 0.015 *  
Balistes.capriscus           0.00446 0.02597 0.17180 0.01480 0.00000  0.976 0.077 .  
Diplodus.vulgaris            0.00260 0.01375 0.18880 0.00610 0.00540  0.980 0.806    
Parablennius.rouxi           0.00221 0.01243 0.17770 0.00880 0.00000  0.983 0.567    
Scomberomorus.commerson      0.00197 0.01105 0.17820 0.00870 0.00000  0.986 0.060 .  
Atherinomorus.forskalii      0.00176 0.01403 0.12540 0.00760 0.00000  0.989 0.138    
Acantholabrus.palloni        0.00159 0.01080 0.14680 0.00000 0.00630  0.992 0.031 *  
Scomber.sp                   0.00151 0.01028 0.14680 0.00000 0.00580  0.994 0.022 *  
Siganus.luridus              0.00149 0.01188 0.12520 0.00550 0.00000  0.996 1.000    
Synodus.saurus               0.00122 0.00833 0.14690 0.00000 0.00540  0.998 0.022 *  
Seriola.dumerili             0.00107 0.00852 0.12550 0.00480 0.00000  1.000 0.274    
Argyrosomus.regius           0.00000 0.00000     NaN 0.00000 0.00000  1.000 0.316    
Cheilodipterus.novemstriatus 0.00000 0.00000     NaN 0.00000 0.00000  1.000 0.522    
Dasyatis.pastinaca           0.00000 0.00000     NaN 0.00000 0.00000  1.000 0.828    
Dasyatis.sp                  0.00000 0.00000     NaN 0.00000 0.00000  1.000 0.681    
Diplodos.cervinus            0.00000 0.00000     NaN 0.00000 0.00000  1.000 0.315    
Diplodus.cervinus            0.00000 0.00000     NaN 0.00000 0.00000  1.000 0.988    
Diplodus.puntazzo            0.00000 0.00000     NaN 0.00000 0.00000  1.000 0.523    
Diplodus.sargus              0.00000 0.00000     NaN 0.00000 0.00000  1.000 1.000    
Echeneis.sp                  0.00000 0.00000     NaN 0.00000 0.00000  1.000 0.306    
Fistularia.commersonii       0.00000 0.00000     NaN 0.00000 0.00000  1.000 0.551    
Gobius.bucchichi             0.00000 0.00000     NaN 0.00000 0.00000  1.000 0.554    
Gobius.sp                    0.00000 0.00000     NaN 0.00000 0.00000  1.000 0.787    
Gobius.vittatus              0.00000 0.00000     NaN 0.00000 0.00000  1.000 0.537    
Himantura.uarnak             0.00000 0.00000     NaN 0.00000 0.00000  1.000 0.292    
Pagrus.auriga                0.00000 0.00000     NaN 0.00000 0.00000  1.000 0.297    
Pagrus.caeruleostictus       0.00000 0.00000     NaN 0.00000 0.00000  1.000 0.663    
Pteragogus.pelycus           0.00000 0.00000     NaN 0.00000 0.00000  1.000 0.329    
Rhabdosargus.haffara         0.00000 0.00000     NaN 0.00000 0.00000  1.000 0.338    
Salpa.salpa                  0.00000 0.00000     NaN 0.00000 0.00000  1.000 0.286    
Scarus.ghobban               0.00000 0.00000     NaN 0.00000 0.00000  1.000 0.948    
Sciaena.umbra                0.00000 0.00000     NaN 0.00000 0.00000  1.000 0.992    
Symphodus.sp                 0.00000 0.00000     NaN 0.00000 0.00000  1.000 0.510    
Taeniurops.grabatus          0.00000 0.00000     NaN 0.00000 0.00000  1.000 0.675    
---
Signif. codes:  0 ‘***’ 0.001 ‘**’ 0.01 ‘*’ 0.05 ‘.’ 0.1 ‘ ’ 1
Permutation: free
Number of permutations: 999